format short
a = 0:10
b = 0:0.5:10
c= linspace(0,200,100);
d = linspace(-200,200,100);
e = linspace(-1000,1000,100);
g = c*10
g=c/10